-0.6006947387648272
-0.6224351830686612
0.5739353754368438
-0.3590362648433116
0.1985119761992412
-0.8070062403682267
0.8617753696131495
0.34556888527885743
0.603051367117472
-0.0014771642508844829
-0.9067651149170216
-0.04074361428321506
0.12231935797591204
0.8721171270951292
0.24047932015258877
0.5693241519819568
-0.24927305110401213
-0.7632078601728933
1.039539813098243
0.11615479830614778
-0.27692426240914425
-0.7125663300091534
-0.8527759141355598
-0.41156155293963725
0.4852318835396995
-0.5023591427481193
0.8957519855320001
0.06407711921641639
0.41445091655284705
0.41767040892866625
0.5770615710155579
0.3788955033271768
0.48697335909554007
-0.4843490100215716
-0.2499483180679847
-0.5182895370810552
-0.1642810700322484
0.7851619038278919
-0.5219528988896265
0.7071802858026972
-0.8458010625734801
-0.4971589646268362
1.0404761338366075
0.42901580426725583
0.22830936249304218
0.5421567427860058
-0.7442183330981834
-0.4966461058606737
-0.9656837839268944
-0.5850343183994746
0.7222437868908095
0.5485553838030749
-0.34000379402611225
0.6177782443084341
-0.8144390894043645
-0.14477094735260257
0.4744569786204798
0.5226788096045552
-0.4531795719762495
-0.7772586601494428
-0.4922826411568796
-0.18466115801541602
-0.026244937649711586
0.9135717538308745
0.06656142145053476
-0.1595953299544834
0.01593564193831086
-0.5242715867011162
-0.21760246499350877
-0.6929245803514115
0.5014355652665942
-0.4603198871054488
0.5339960040856664
0.33941994336146597
0.21675095509907885
0.008238155320363073
0.458318826880338
0.8594369152324699
0.7331095177388972
-0.32385049564988055
0.637067187616804
0.766740161448999
-0.4488706811856286
-0.7617095713332452
0.34589214157013626
0.20747292873057985
0.19219468725815686
-0.7500561187640413
-0.8694566033607234
-0.35847296649616045
0.9786773796265744
-0.016488381974616925
-0.4071759631421129
-0.26660884810233576
-0.2876305714172005
0.27385211175481783
0.3340705438335935
-0.6978519342497257
0.5232032132657811
0.3883115606284915
0.611518216625653
0.5302100467606985
0.1701803308703242
-0.19160751553547467
-0.3131757409398405
0.19797267393082188
-0.2797451581080984
0.7405925617558318
-0.4842668768923726
-0.8477125692076685
0.36938725443917697
0.8425300315717675
0.46091172513026035
0.17393678488739467
0.46182397808708303
-0.5165061506361482
0.8357688148928971
-0.29539467226578603
0.1396580027866274
-0.606131265538254
0.9958159227273091
0.4121962956100932
0.2487124842787341
-0.12782138007296984
-0.07509999508599602
0.9062897831037846
0.8477245003093954
-0.04743296916181104
-0.8865267569628447
0.2808564550381929
0.510077666933209
-0.5173213742220028
-0.2242279216418043
-0.698556226653333
-0.19946797945864683
-0.2090083210400519
-0.15124949303227053
0.14147054900918088
0.04923178766722196
0.34033748055458524
0.3865215251017799
-0.7476209866016593
0.3952505817476776
-0.07167728995565689
-0.6921729623561226
-0.25325770988078705
-0.3430881382064142
0.6444643603125678
-0.025625161805282758
-0.34657715819054713
0.8045426173561877
0.5795169964785098
-0.6345767980014672
-0.06838509795588091
-0.8795632022774945
-0.4794472126998037
0.39657987880651663
0.46602400758374535
-0.7303250547954572
0.4432498549226524
0.4479729818644633
-0.20929796903058534
-0.05951543886374061
-0.4192262164696097
0.713935935805674
0.798871425464696
-1.0320145168562411
-0.122022157478388
0.6822771511994821
0.1779937625161608
-0.6360987413784056
0.4969340554129736
0.24040732714560376
0.12939127597763506
0.26142134871574757
0.8905253579447301
0.42963500015848366
0.5921952272344024
-0.8443763540419502
-0.10020709546043156
0.2627906064649295
0.867173164682859
-0.0024626915472741595
0.7027244208465492
0.24827618334152662
0.03349259353307433
-0.8495540160034847
-0.33394847021373586
-0.7842514990141642
-0.6578814909829129
-0.3194584704896642
-0.33728605526431465
-1.0827162041038179
-0.40255586730776727
0.6324253680680121
-0.3544976621520817
-0.29463950955848467
0.11800212703644453
-0.23748412443085332
-0.10028996435532772
0.1078088345032837
-0.4990753660789925
0.2655200572847509
-0.45984292363317225
-0.36895851547667313
-0.5718908731970348
-0.3634241914886123
-0.45373310781272636
-0.4948212687009761
-0.28761936725537113
0.8821932524090235
0.24339916084964908
0.7983659047033755
-0.3871448990414783
0.01272518081745437
-0.7494148237028236
0.08019348004724733
0.1357129605909012
0.8399499934750908
-0.1809033113398533
0.07523832813262521
-0.8934107178771965
0.6209989423622861
0.8374047290410773
0.047524832166149014
-0.7430086003156615
-0.12168504319001018
-0.5313620996597163
-0.23905865878277222
-0.5018898647197654
1.0418122536717753
0.2821117086040249
0.8464202912225398
0.22474822313212248
-0.39895439720953846
-0.3754864526834601
0.2303502053133543
0.09928155025562739
0.1220658655552413
-0.7595111936886633
0.8320731796482991
0.3890096312629816
-0.76185301914958
-0.7625546898808281
0.5044635244805904
0.38216726441612675
-0.8037110238444161
0.03592138074183428
0.14064825331532044
-0.8601611934240434
-0.35661794891145726
-0.6444736215521407
-0.32642813107272384
0.7372067139667657
0.29889973353100874
0.2393981755150801
0.5307828563098608
0.258103546819031
-0.29969182036921704
0.626555363492565
-0.20716472676159406
0.40050189090657484
0.3378131792280771
-0.6524945242960779
-0.04838031825866462
-0.7383163557083311
-0.5144363849821757
-0.5499306647235914
0.2248340516945657
0.718354650726783
-0.6418515599552271
-0.11552824742254769
1.0418758954667295
0.2979775428289031
0.00847332716765941
0.3937088191748381
0.975965715749892
0.015219487089363687
0.5597040430671589
0.013509511460695942
-0.2719375399125772
-0.6677528229876241
-0.5125913165644193
-0.0077585828522008515
0.15960365238233074
0.765477137609548
-0.49319964554505186
0.19836662395394664
-0.13680796027419737
0.5940620215673028
0.19620782286253813
-0.6890172650044204
-0.2086183217745301
-0.48389128718160584
-0.48285875702758074
0.4658945584325407
-0.08077836234356946
0.4583603350042625
0.8728496169037836
0.10561822191989256
0.4155855394510407
0.1516381291081168
0.3194620158403218
0.3645749923997017
-0.029702738612990442
0.18015596691828775
-0.3651818658723984
-0.37370110822031766
0.8121325140851811
0.005279871831875546
-0.4392203786315317
-0.10538911392796119
-0.49633180412203537
-0.7322512404374978
-0.5150486702891999
-0.6862564000179594
-0.017662413945193953
-0.3546331104359756
0.23311556371483205
-0.5155095401219892
-0.2544409339789303
0.07528329156069058
0.06441466007485289
-0.2702668513771247
-0.061389452434072234
-0.9249771404288266
-1.0973808412390833
-0.41743962745229296
-0.2262123258758572
0.3584405243812898
-0.2635157616642362
-0.39514899407812254
0.793753755365309
0.28620601953778324
0.4898223809357781
0.3774591694539934
-0.6407995378252838
0.2839537845878002
0.6640477410135699
0.1743902088804015
0.2288342749794722
0.19171154720138472
0.7788107073378903
0.2610126202514856
0.07943798061133801
-0.18652199626391286
0.5203823477954889
-0.24661086804361126
0.8809633131710383
0.5896620158017176
0.09927772204837768
-0.3800717482880315
-0.039636795221964366
-0.49281507677515707
0.7222933356797154
-0.16722351714179462
-0.07303893777931991
0.031177884021880133
-0.686743347201868
0.5273677982373847
0.7873833926276785
-0.3706342888875041
-0.07031823624333536
-0.7467792330841142
-0.2387475584180519
-0.4142318108305635
0.6696901007213033
0.43504638161249276
-0.420826595176401
0.35396606585873763
0.5073749610780909
0.34167605327364625
0.1616150981721705
-0.2135073239741042
-0.6675024012268769
-0.028022071363135878
0.11429958557476003
-0.6962211915517561
0.1971799283331697
-0.03941308232674924
-0.6134855849744819
0.42651217053919627
0.32963376999984817
-0.17626018692434167
-0.48204898914330796
-0.8765562426672783
-0.578659691139513
0.35398040250007684
0.1606985954427834
-0.05562263987858686
0.6767026447240369
-0.18797393874333787
-0.6895035620676624
-0.452723983038402
1.0050672501533828
0.09092953107177794
-0.8503271401199282
-0.2472089170566207
-0.8547518167154521
-0.31321351204329634
