0.28500000000000003
0.774
-0.639
0.296
-0.551
0.667
-0.68
-0.509
-0.602
-0.02
0.868
0.156
0.40900000000000003
-0.801
-0.14200000000000002
-0.602
-0.092
0.793
-0.924
-0.3
0.01
0.759
0.619
0.599
-0.593
0.419
-0.85
-0.176
-0.361
-0.457
-0.496
-0.446
-0.585
0.40700000000000003
0.183
0.547
0.47500000000000003
-0.674
0.833
-0.492
0.517
0.722
-0.625
-0.741
-0.151
-0.5700000000000001
0.494
0.668
0.325
0.924
-0.423
-0.731
0.487
-0.533
0.757
0.234
-0.341
-0.601
-0.055
0.873
0.48
0.198
0.623
-0.743
-0.054
0.162
-0.061
0.52
-0.0
0.724
-0.591
0.387
-0.481
-0.386
-0.217
0.001
0.315
-0.904
-0.8220000000000001
0.218
0.052000000000000005
-0.935
-0.017
0.86
-0.34600000000000003
-0.20800000000000002
-0.453
0.65
0.673
0.531
-0.9510000000000001
-0.13
0.395
0.279
0.28700000000000003
-0.271
-0.56
0.5760000000000001
-0.454
-0.444
-0.40700000000000003
-0.657
-0.159
0.196
0.31
-0.2
0.545
-0.614
-0.279
0.911
0.246
-0.876
-0.453
-0.182
-0.5710000000000001
0.435
-0.933
0.156
-0.241
0.5730000000000001
-0.649
-0.684
-0.242
0.135
0.643
-0.724
-0.848
-0.046
0.985
-0.123
-0.635
0.42
-0.003
0.731
0.209
0.20500000000000002
0.14100000000000001
-0.147
-0.057
-0.341
-0.6950000000000001
0.5700000000000001
-0.395
0.076
0.628
0.322
0.515
-0.547
0.033
0.34700000000000003
-0.382
-0.8180000000000001
0.623
0.098
0.546
0.715
-0.325
-0.512
0.884
-0.29
-0.458
0.199
0.052000000000000005
0.422
0.23
-0.967
0.916
0.303
-0.643
-0.23
0.792
-0.36
-0.247
-0.122
0.41300000000000003
-0.847
-0.251
-0.674
0.796
0.195
0.338
-0.847
0.193
-0.677
-0.25
-0.024
0.683
0.487
0.213
0.907
0.307
0.35000000000000003
0.663
0.729
-0.71
0.275
0.29
-0.125
0.243
0.092
-0.14400000000000002
0.487
-0.303
0.435
0.233
0.633
0.306
0.491
0.465
0.316
-0.758
-0.381
-0.9380000000000001
0.228
-0.265
0.706
-0.091
-0.132
-0.887
0.07200000000000001
-0.609
0.726
0.317
-0.9430000000000001
-0.289
0.6920000000000001
0.066
0.543
0.183
0.527
-0.802
-0.517
-0.746
-0.342
0.364
0.404
-0.23600000000000002
-0.091
-0.389
0.678
-0.632
-0.556
-0.12
0.976
-0.443
-0.432
0.803
0.041
-0.593
0.6990000000000001
0.15
0.713
0.6
-0.594
-0.301
-0.24
-0.501
-0.28800000000000003
0.444
-0.55
0.219
-0.39
-0.516
0.553
-0.194
0.716
0.34
0.648
0.031
-0.749
0.622
0.15
-0.787
-0.54
-0.008
-0.394
-0.934
-0.16
-0.558
-0.027
0.069
0.714
0.512
0.014
0.151
-0.767
0.507
-0.183
0.229
-0.5640000000000001
-0.381
0.617
0.166
0.503
0.5700000000000001
-0.396
0.1
-0.452
-0.8160000000000001
-0.212
-0.41300000000000003
-0.153
-0.301
-0.381
0.016
-0.181
0.337
0.397
-0.799
-0.084
0.437
0.106
0.058
0.853
0.155
0.8140000000000001
0.024
0.355
-0.29
0.485
0.25
-0.084
-0.051000000000000004
0.271
-0.599
0.774
0.637
0.764
0.231
-0.35100000000000003
0.245
0.41000000000000003
-0.682
-0.399
-0.434
-0.423
0.6950000000000001
-0.221
-0.629
-0.221
-0.23700000000000002
-0.187
-0.685
-0.361
-0.066
0.189
-0.545
0.22
-0.34900000000000003
-0.877
-0.099
0.377
0.008
0.495
-0.755
0.10300000000000001
0.07
-0.035
0.886
-0.35000000000000003
-0.914
0.224
-0.188
0.728
0.218
0.429
-0.519
-0.55
0.452
-0.326
-0.46
-0.383
-0.15
0.217
0.66
0.064
-0.298
0.644
-0.194
0.048
0.719
-0.329
-0.327
0.179
-0.394
0.906
0.643
-0.291
-0.156
0.063
-0.71
0.134
0.515
0.582
-0.917
-0.254
0.737
0.372
0.7000000000000001
0.461
